elapsed, window, total, successful, failed
4.999919, 4.999919, 2099, 2099, 0
10.000922, 5.001003, 2137, 2137, 0
15.000956, 5.000034, 2018, 2018, 0
20.000996, 5.00004, 2049, 2049, 0
25.00086, 4.999864, 2059, 2059, 0
30.000855, 4.999995, 1989, 1989, 0
35.00097, 5.000115, 1995, 1995, 0
40.00085, 4.99988, 2041, 2041, 0
45.000846, 4.999996, 2098, 2098, 0
50.000852, 5.000006, 2193, 2193, 0
55.000854, 5.000002, 2151, 2151, 0
60.000846, 4.999992, 2060, 2060, 0
61.000975, 1.000129, 340, 340, 0
